25
27
60
71
90
91
92
142
207
208
217
238
242
324
330
331
355
367
369
387
399
405
463
466
471
472
476
492
526
537
545
546
558
567
580
595
596
598
599
602
603
604
605
606
607
608
613
639
641
657
668
672
673
675
694
695
701
776
790
811
833
841
860
861
862
863
865
867
868
894
896
898
933
940
948
965
970
972
973
974
998
999
1009
1019
1021
1024
1026
1027
1029
1030
1031
1045
1050
1058
1106
1108
1109
1111
1123
1163
1213
1277
1280
1316
1345
1373
1385
1387
1399
1435
1436
1441
1493
1495
1499
1523
1540
1616
1639
1643
1649
1654
1655
1656
1662
1785
1786
1788
1789
1820
1840
1844
1846
1852
1871
1879
1956
1958
1964
1974
1977
1999
2000
2005
2006
2033
2034
2042
2044
2045
2047
2057
2060
2064
2065
2066
2068
2071
2072
2073
2077
2078
2099
2113
2115
2118
2119
2120
2122
2130
2131
2132
2145
2146
2175
2176
2177
2178
2181
2188
2189
2195
2213
2242
2248
2249
2251
2255
2259
2260
2261
2263
2264
2271
2272
2308
2309
2313
2321
2322
2324
2475
2521
2531
2534
2559
2623
2624
2625
2626
2627
2719
2735
2767
2768
2776
2778
2782
2874
2903
2913
2932
2956
2969
3006
3007
3008
3009
3017
3020
3021
3065
3082
3084
3091
3092
3105
3106
3110
3131
3159
3169
3181
3195
3200
3205
3207
3209
3227
3229
3237
3239
3265
3283
3320
3326
3337
3394
3399
3417
3418
3459
3479
3480
3481
3492
3535
3551
3558
3562
3572
3575
3586
3623
3624
3631
3635
3636
3643
3646
3659
3660
3662
3667
3702
3716
3717
3718
3720
3725
3762
3791
3792
3799
3815
3817
3845
3895
3899
3927
3932
3936
3977
4000
4004
4005
4026
4050
4066
4067
4068
4072
4087
4088
4089
4094
4149
4170
4193
4194
4208
4214
4221
4233
4261
4286
4288
4291
4292
4297
4298
4299
4300
4302
4303
4330
4352
4436
4437
4440
4478
4485
4486
4515
4582
4595
4602
4609
4610
4613
4615
4616
4627
4629
4644
4654
4665
4666
4683
4763
4771
4773
4778
4780
4781
4791
4792
4794
4824
4841
4849
4851
4853
4854
4855
4869
4893
4913
4914
4915
4916
4921
4926
4928
4958
5045
5049
5058
5063
5077
5079
5081
5087
5091
5093
5108
5133
5155
5156
5159
5163
5170
5187
5241
5252
5277
5287
5288
5289
5290
5291
5292
5293
5294
5295
5296
5324
5335
5336
5366
5371
5378
5395
5396
5413
5424
5426
5450
5460
5468
5500
5518
5537
5546
5551
5566
5573
5584
5587
5591
5594
5595
5604
5605
5644
5649
5652
5727
5728
5753
5754
5770
5771
5777
5781
5783
5787
5788
5789
5796
5800
5802
5879
5880
5885
5888
5889
5890
5892
5893
5894
5900
5903
5910
5914
5921
5925
5926
5927
5965
5966
5976
5979
5987
6009
6016
6091
6098
6125
6134
6146
6184
6199
6237
6249
6256
6311
6385
6389
6390
6391
6392
6416
6418
6424
6427
6428
6446
6455
6491
6506
6594
6597
6598
6602
6605
6608
6654
6657
6662
6663
6708
6714
6756
6757
6759
6760
6774
6775
6776
6777
6778
6790
6794
6801
6850
6872
6885
6886
6887
6890
6891
6917
6926
6927
6929
6934
6938
6955
6957
6964
6965
7010
7012
7015
7030
7037
7046
7048
7080
7093
7113
7117
7128
7150
7153
7157
7158
7170
7171
7175
7186
7187
7188
7248
7249
7253
7297
7307
7403
7409
7410
7422
7428
7430
7454
7486
7490
7494
7507
7508
7514
7516
7525
7531
7555
7572
7704
7750
7764
7803
7812
7832
7849
7852
7913
7942
7955
7991
7994
8013
8019
8021
8028
8030
8031
8036
8074
8085
8091
8115
8148
8178
8202
8216
8218
8233
8241
8242
8243
8289
8290
8294
8295
8301
8312
8313
8314
8332
8334
8336
8339
8347
8348
8350
8351
8352
8353
8354
8355
8356
8357
8358
8405
8438
8452
8493
8496
8503
8522
8623
8626
8648
8651
8660
8726
8764
8792
8805
8821
8833
8835
8838
8859
8880
8915
8929
8968
8969
8970
8972
8986
9020
9021
9064
9098
9101
9113
9126
9135
9159
9175
9203
9212
9294
9314
9321
9353
9401
9444
9474
9500
9582
9611
9612
9627
9641
9656
9659
9688
9709
9715
9739
9757
9759
9817
9863
9869
9901
9935
9950
9965
9967
9968
10000
10006
10018
10019
10111
10139
10142
10215
10243
10272
10274
10320
10342
10392
10397
10413
10481
10498
10499
10568
10620
10664
10672
10693
10735
10769
10801
10818
10865
10892
10957
10962
10978
11021
11064
11116
11122
11124
11168
11197
11200
11262
11338
22800
22806
22807
22858
22872
22894
22947
22978
22984
23013
23047
23048
23049
23067
23081
23085
23092
23152
23157
23178
23261
23269
23305
23308
23365
23373
23385
23405
23429
23451
23462
23476
23512
23522
23598
23624
25913
25925
25937
25939
25960
26039
26040
26065
26511
26524
26585
27004
27044
27086
27113
27125
27161
27244
27436
27445
29072
29086
29102
29123
29126
29844
30012
50615
50802
51107
51119
51162
51176
51185
51199
51366
51512
51517
51564
51592
51646
51684
51742
51750
51755
53335
53353
54093
54165
54206
54738
54790
54855
54880
54894
54949
55120
55164
55193
55209
55249
55250
55252
55294
55422
55500
55596
55654
55754
55824
56924
56940
56946
57007
57105
57120
57167
57492
57521
57534
57591
57621
57634
57670
57674
57698
57820
58508
60468
63035
63976
63978
64109
64121
64283
64321
64324
64326
64754
64764
64783
64784
64901
64919
79018
79058
79109
79145
79577
79633
79679
79718
79728
79791
79817
79918
80139
80204
80243
80312
80380
80381
80854
81608
83417
83540
83667
83852
83931
83990
84159
84193
84231
84256
84295
84376
84433
84441
84444
84446
84464
84678
84870
84902
85236
85414
89857
90417
90993
92017
92521
114825
116028
118460
120892
121227
124540
124583
126961
138715
139285
143187
143686
150465
151888
151987
157570
161742
171017
171023
196528
197335
200424
201163
219972
221002
221895
253260
256646
257194
259283
283149
283455
283651
286530
333932
340419
345930
378938
387893
387923
399687
440093
440926
653604
6421
728118
729262
7006
100271849
688
