14360
208727
16364
17295
12978
20511
21929
56717
27277
22289
14399
232791
227743
21752
19704
18826
14165
50505
17480
13649
12265
224619
15405
12571
12050
11308
17096
69162
81004
110157
20843
74178
11966
20671
239985
15497
15492
50723
22592
18973
15979
17988
11836
12395
15396
70603
101185
18971
22074
103964
436522
22073
436523
100040233
114228
22072
50523
245000
18128
16918
18854
22095
17698
230753
11920
20852
19317
234515
93760
21399
17349
382056
22030
22591
22183
75302
319757
17937
18607
13841
14013
67857
15398
11789
12394
56711
19249
14000
229663
56430
56380
100710
19360
17355
19720
230784
54601
75320
58523
18035
224440
72895
550619
18747
16709
327743
94217
18176
74256
74645
14811
14672
94093
16521
106618
103573
15213
208650
100683
14269
66923
70802
71653
27047
70650
12606
58208
231986
13716
71371
13435
67070
18708
24061
72661
12540
26409
54170
13591
12402
20587
12491
19366
236732
14460
16149
13684
260298
242122
16362
52690
231051
13496
20684
259302
11835
225207
56463
19243
58801
14734
18710
59057
14886
23925
76804
18481
384783
12703
15361
192119
268996
19090
16880
20400
13433
15234
66433
16468
94315
12229
19046
18080
67847
109294
229363
14009
214944
353156
13857
23871
229571
399673
207213
399675
399674
399676
668359
100042761
100043188
66945
50754
22612
22376
18646
19353
11669
57914
208154
108069
239083
12914
27354
218397
381990
21386
59024
102657
18510
14247
71751
12487
19386
94275
19266
71722
53379
12986
18707
50883
64930
66083
19016
70998
107932
12649
319186
17127
17686
14255
56702
14025
19699
50528
13875
240354
17128
12393
223970
68251
11793
14257
12518
56364
319152
17938
109880
13982
11928
208647
208043
52864
15431
17350
18034
72780
26427
16428
56381
18596
229877
20239
19713
14739
21425
22042
13205
21787
22346
12591
84505
110052
53610
14463
21354
19357
76952
17283
16994
26875
328250
51792
18207
12042
12289
12447
18572
12615
19272
17259
105980076
77591
12445
22590
18999
19769
23849
11350
14159
16337
17829
269180
56542
18709
20869
23983
76156
74734
18985
75410
16923
74277
94212
20963
16653
15433
80987
20591
11652
17870
18109
107607
100986
17126
18124
109181
14056
50791
70727
72140
30841
18028
75560
18595
12014
58988
12142
27057
100045792
66072
12864
383491
21652
14462
16909
16187
14184
433938
15400
80286
17763
22084
211651
13163
101739
18706
19277
78757
81489
67956
14042
17978
16323
17187
71514
225164
19696
93761
269224
16183
216739
239743
75747
14465
69632
270190
319153
19255
15903
17918
26920
21812
66863
12370
18759
216233
11796
226548
12567
76022
66925
57434
17132
16453
239122
98985
72345
93736
17685
15170
17977
79456
83554
14011
12166
230979
264064
13436
15461
227720
21349
81898
320398
13682
97908
227099
18211
12051
26374
18212
53611
16842
22061
17880
320376
13006
268980
109594
16000
20842
20460
18933
18514
11480
232714
13207
58205
17927
53859
21848
237898
20383
110279
24117
14107
16542
83797
14030
19206
76007
100072
108168453
224613
19744
60534
11682
17886
20130
15985
69981
18566
381022
20849
13626
51886
12144
18479
58799
13653
20620
53860
18015
21432
19876
66771
16331
22031
18475
672511
15375
14194
16367
76688
19365
26398
19211
54169
14055
16001
14957
14632
17095
17210
54124
624855
14177
320840
18705
20405
16764
233545
105352
13839
12576
16002
16573
13837
104416
15081
30955
240427
246198
26396
17690
383295
18214
50868
269951
66922
108121
14688
16476
14084
13872
97114
260423
56353
69714
214899
20459
238247
11686
214133
20586
83679
20850
22431
140742
14169
16905
18193
240752
15235
108699
12929
18563
24069
69719
56045
17874
11906
12398
18760
110596
223701
20393
18129
56310
14170
107986
20878
64654
19882
333050
227231
12483
16341
12824
74478
16451
56526
74205
12579
94221
26927
16452
56613
20379
268566
228026
54721
214162
14673
239405
18016
13819
75296
26417
22033
74370
80288
319520
14175
21934
53892
320707
54189
20662
110957
270118
233489
104156
56772
18536
15519
14088
209446
18935
12702
67382
15900
433759
13714
111173
12010
56086
14182
20602
17248
18024
16796
21948
18509
20382
27140
21935
108147
13047
56637
17863
228913
11477
76551
12444
13710
244349
50913
15496
15494
100043456
100043461
15495
15493
24087
18951
70461
72775
240087
12053
72836
29808
18712
22778
11545
13198
22339
330286
19886
18095
77044
19645
12767
270627
21869
67300
269800
15078
12977
11352
212980
229700
64209
15285
56392
16150
21406
67030
20181
56218
13191
54411
21423
329628
18554
12785
381979
215114
12467
360013
225326
19364
52463
12400
73251
14102
69737
12580
235626
12778
13869
66977
108723
233908
18019
19691
16590
17476
71302
78560
13430
194388
72544
21355
21813
18667
353310
214498
77045
21687
14174
20674
12021
216805
14683
66711
20563
70673
12048
97064
12227
21350
22779
56458
14198
11848
20971
22350
12226
12842
18037
67533
70790
54402
14254
327826
21908
21682
69131
56484
16363
11479
12005
213765
15516
235320
326618
74769
114893
99377
71458
21405
26413
20848
214230
12912
12236
12575
26395
22433
269397
56501
320191
78798
233789
29870
52615
13866
72662
22325
108767
27267
60533
18505
70122
22589
14357
18131
17075
74155
26554
50709
13858
22427
12190
19363
18507
66235
19934
13018
11461
108989
84092
319155
14087
13717
13557
19247
22627
70439
12477
114715
16818
210126
17345
19730
239528
76025
27223
20739
11863
12550
57261
13876
13867
14461
17873
69726
77087
103963
19246
26362
76560
60504
12043
14043
17354
17342
15926
26401
211323
319190
17260
12443
71988
17246
14457
16600
13871
16322
11908
18700
16798
53608
94246
17688
15251
72171
20665
237911
80794
328572
20531
77578
23892
51944
228790
19263
14186
75590
225055
23797
17869
50708
13209
12552
19361
21416
12317
66011
59035
22324
12385
18550
269400
22601
71805
12224
19280
12387
69470
13537
66052
77407
14674
70750
76454
19264
17979
16195
20779
111241
109663
18213
414121
16153
18612
16197
20877
15408
208266
59287
15422
18022
64144
16658
12006
56489
14130
14131
22780
57376
217082
207742
22185
114714
19354
56233
68938
234779
76626
67680
19401
18591
56093
71461
244059
22059
19084
214855
101706
12125
16332
14183
233826
18803
66725
21969
18626
11465
21973
12189
19281
432572
20682
100040608
269966
20185
11651
